102041
103679
104059
104235
104785
105168
105176
105309
105767
105860
105979
106039
106071
106246
106331
106802
106880
108202
109521
109646
109735
110168
110354
110828
112061
112126
112249
112332
112694
113111
114709
114713
114935
114990
116019
116051
116210
116354
116360
117226
117397
118393
118864
118990
119302
119791
120217
120562
121001
121050
121085
121407
121476
121670
122522
122528
122801
122916
125511
125535
125554
126176
126389
126554
126903
127008
127236
127305
127417
127542
127611
128061
128154
129354
129405
129552
129720
129886
129926
130121
130211
130687
130759
130896
131224
131867
132179
132224
132657
133220
139272
19977
19981
20011
20017
20120
20151
20153
20189
20197
20320
80557
80688
81725
81760
82051
82063
82492
82790
83010
83454
83835
83999
84103
84354
84688
84761
84973
85083
85173
85369
85743
85853
86287
86350
86444
86722
86924
86972
87135
87346
87457
87538
87563
87601
87646
87804
87990
88209
88402
88589
88608
88770
88773
89279
89377
90021
90060
90077
90262
90281
90683
91717
91919
91962
92089
92182
92193
92211
92554
92927
93051
93169
93274
93278
93292
93406
93517
93549
93723
93734
93787
93856
94276
94848
95015
95057
95116
95460
96659
97092
97271
97485
97994
98314
98394
98567
98831
98871
99352
99604
99949
99964
